Input file 명 = BinPacking_1000.txt, Bin 용량 = 40, Algorithm Type = Best Fit Decreasing, Bin 수 = 196, 계산시간 = 1708ms
Bin #1: 1, 40
960, 40
Bin #2: 1, 40
108, 40
Bin #3: 1, 40
999, 40
Bin #4: 1, 40
352, 40
Bin #5: 1, 40
297, 40
Bin #6: 1, 40
394, 40
Bin #7: 1, 40
737, 40
Bin #8: 1, 40
238, 40
Bin #9: 1, 40
891, 40
Bin #10: 1, 40
794, 40
Bin #11: 1, 40
170, 40
Bin #12: 2, 40
618, 20
804, 20
Bin #13: 2, 40
272, 20
1061, 20
Bin #14: 2, 40
458, 20
439, 20
Bin #15: 2, 40
292, 20
131, 20
Bin #16: 2, 40
123, 20
597, 20
Bin #17: 2, 40
658, 21
703, 19
Bin #18: 2, 40
749, 21
512, 19
Bin #19: 2, 40
634, 21
545, 19
Bin #20: 2, 40
851, 21
374, 19
Bin #21: 2, 40
751, 21
1038, 19
Bin #22: 2, 40
756, 21
359, 19
Bin #23: 2, 40
114, 21
620, 19
Bin #24: 2, 40
1054, 21
882, 19
Bin #25: 2, 40
239, 21
789, 19
Bin #26: 2, 40
161, 22
277, 18
Bin #27: 2, 40
695, 22
682, 18
Bin #28: 2, 40
712, 22
269, 18
Bin #29: 2, 40
615, 22
207, 18
Bin #30: 2, 40
465, 22
656, 18
Bin #31: 2, 40
473, 22
1048, 18
Bin #32: 2, 40
1097, 22
585, 18
Bin #33: 2, 40
953, 22
701, 18
Bin #34: 2, 40
501, 23
101, 17
Bin #35: 2, 40
957, 23
460, 17
Bin #36: 2, 40
502, 23
762, 17
Bin #37: 2, 40
278, 23
710, 17
Bin #38: 2, 40
484, 23
212, 17
Bin #39: 2, 40
197, 24
763, 16
Bin #40: 2, 40
220, 24
750, 16
Bin #41: 2, 40
568, 24
457, 16
Bin #42: 2, 40
213, 24
376, 16
Bin #43: 2, 40
426, 24
188, 16
Bin #44: 2, 40
848, 24
702, 16
Bin #45: 2, 40
183, 24
807, 16
Bin #46: 2, 40
897, 24
1041, 16
Bin #47: 2, 40
433, 25
993, 15
Bin #48: 2, 40
906, 25
589, 15
Bin #49: 2, 40
979, 25
894, 15
Bin #50: 2, 40
474, 25
998, 15
Bin #51: 2, 40
498, 25
951, 15
Bin #52: 2, 40
328, 25
669, 15
Bin #53: 2, 40
399, 25
363, 15
Bin #54: 2, 40
245, 25
171, 15
Bin #55: 2, 40
470, 26
1099, 14
Bin #56: 2, 40
735, 26
218, 14
Bin #57: 2, 40
358, 26
1027, 14
Bin #58: 2, 40
1036, 26
318, 14
Bin #59: 2, 40
1012, 26
339, 14
Bin #60: 2, 40
388, 26
573, 14
Bin #61: 2, 40
203, 27
717, 13
Bin #62: 2, 40
791, 27
839, 13
Bin #63: 2, 40
456, 27
423, 13
Bin #64: 2, 40
725, 27
291, 13
Bin #65: 2, 40
409, 27
304, 13
Bin #66: 2, 40
560, 27
110, 13
Bin #67: 2, 40
466, 27
524, 13
Bin #68: 2, 40
355, 27
740, 13
Bin #69: 2, 40
908, 27
873, 13
Bin #70: 2, 40
672, 27
900, 13
Bin #71: 2, 40
567, 27
327, 13
Bin #72: 2, 40
1005, 28
898, 12
Bin #73: 2, 40
530, 28
211, 12
Bin #74: 2, 40
987, 28
138, 12
Bin #75: 2, 40
210, 28
629, 12
Bin #76: 2, 40
354, 28
395, 12
Bin #77: 2, 40
221, 28
425, 12
Bin #78: 2, 40
1000, 28
924, 12
Bin #79: 2, 40
412, 28
635, 12
Bin #80: 2, 40
267, 29
780, 11
Bin #81: 2, 40
488, 29
350, 11
Bin #82: 2, 40
892, 29
570, 11
Bin #83: 2, 40
903, 29
862, 11
Bin #84: 2, 40
461, 29
522, 11
Bin #85: 2, 40
704, 29
1069, 11
Bin #86: 2, 40
406, 29
417, 11
Bin #87: 2, 40
934, 29
724, 11
Bin #88: 2, 40
1037, 30
697, 10
Bin #89: 2, 40
733, 30
1046, 10
Bin #90: 2, 40
444, 30
1043, 10
Bin #91: 2, 40
1092, 30
685, 10
Bin #92: 2, 40
271, 30
276, 10
Bin #93: 2, 40
718, 30
289, 10
Bin #94: 2, 40
281, 30
442, 10
Bin #95: 3, 40
1077, 15
294, 15
322, 10
Bin #96: 2, 40
1078, 30
995, 10
Bin #97: 2, 40
720, 30
1081, 10
Bin #98: 2, 40
830, 30
955, 10
Bin #99: 2, 40
199, 30
481, 10
Bin #100: 2, 39
938, 28
268, 11
Bin #101: 2, 39
631, 22
643, 17
Bin #102: 1, 39
205, 39
Bin #103: 1, 39
773, 39
Bin #104: 1, 39
595, 39
Bin #105: 2, 39
230, 20
770, 19
Bin #106: 1, 39
668, 39
Bin #107: 1, 39
601, 39
Bin #108: 1, 39
331, 39
Bin #109: 1, 39
507, 39
Bin #110: 2, 39
641, 22
817, 17
Bin #111: 1, 39
653, 39
Bin #112: 2, 39
157, 28
172, 11
Bin #113: 1, 38
630, 38
Bin #114: 1, 38
537, 38
Bin #115: 1, 38
775, 38
Bin #116: 1, 38
214, 38
Bin #117: 1, 38
736, 38
Bin #118: 1, 38
798, 38
Bin #119: 1, 38
781, 38
Bin #120: 1, 38
175, 38
Bin #121: 1, 38
1035, 38
Bin #122: 1, 38
463, 38
Bin #123: 1, 38
577, 38
Bin #124: 1, 38
590, 38
Bin #125: 2, 38
270, 27
247, 11
Bin #126: 2, 38
391, 27
139, 11
Bin #127: 1, 37
503, 37
Bin #128: 1, 37
761, 37
Bin #129: 1, 37
600, 37
Bin #130: 1, 37
1009, 37
Bin #131: 1, 37
759, 37
Bin #132: 1, 37
967, 37
Bin #133: 1, 37
728, 37
Bin #134: 1, 37
1033, 37
Bin #135: 2, 37
914, 27
107, 10
Bin #136: 1, 36
674, 36
Bin #137: 1, 36
719, 36
Bin #138: 1, 36
338, 36
Bin #139: 1, 36
506, 36
Bin #140: 2, 36
104, 19
307, 17
Bin #141: 1, 36
842, 36
Bin #142: 1, 36
134, 36
Bin #143: 1, 36
945, 36
Bin #144: 1, 36
803, 36
Bin #145: 1, 36
907, 36
Bin #146: 1, 35
1091, 35
Bin #147: 1, 35
689, 35
Bin #148: 1, 35
368, 35
Bin #149: 1, 35
699, 35
Bin #150: 1, 35
644, 35
Bin #151: 1, 35
785, 35
Bin #152: 1, 35
792, 35
Bin #153: 1, 35
706, 35
Bin #154: 1, 35
915, 35
Bin #155: 1, 35
905, 35
Bin #156: 1, 35
948, 35
Bin #157: 1, 34
250, 34
Bin #158: 1, 34
248, 34
Bin #159: 1, 34
664, 34
Bin #160: 1, 34
942, 34
Bin #161: 1, 34
260, 34
Bin #162: 1, 34
1031, 34
Bin #163: 1, 34
103, 34
Bin #164: 1, 34
709, 34
Bin #165: 1, 33
375, 33
Bin #166: 1, 33
716, 33
Bin #167: 1, 33
132, 33
Bin #168: 2, 32
1004, 16
863, 16
Bin #169: 1, 32
168, 32
Bin #170: 1, 32
647, 32
Bin #171: 1, 32
538, 32
Bin #172: 1, 32
623, 32
Bin #173: 1, 32
525, 32
Bin #174: 1, 32
820, 32
Bin #175: 1, 32
475, 32
Bin #176: 2, 32
332, 16
596, 16
Bin #177: 2, 32
677, 16
969, 16
Bin #178: 1, 32
336, 32
Bin #179: 1, 32
459, 32
Bin #180: 1, 32
137, 32
Bin #181: 2, 32
274, 16
976, 16
Bin #182: 1, 31
1011, 31
Bin #183: 1, 31
1060, 31
Bin #184: 1, 31
556, 31
Bin #185: 1, 31
580, 31
Bin #186: 1, 31
1045, 31
Bin #187: 1, 31
124, 31
Bin #188: 1, 31
266, 31
Bin #189: 2, 31
885, 16
390, 15
Bin #190: 1, 31
811, 31
Bin #191: 1, 31
369, 31
Bin #192: 1, 31
453, 31
Bin #193: 2, 36
698, 26
767, 10
Bin #194: 1, 26
715, 26
Bin #195: 1, 26
753, 26
Bin #196: 1, 26
799, 26
